# All simple sphere triangulations with 4<=v<=10 and maximum vertex degree <=6.
# plantri 5.8 (2026-03-04); https://users.cecs.anu.edu.au/~bdm/plantri/
# clers commit 107146e59e862d5ad5235170f721e41e76005236
# generated by: python3 notes/all-v10-check.py --plantri PLANTRI --clers-src CLERS/src --clers-commit 107146e59e862d5ad5235170f721e41e76005236 --atlas-root . --output data/nets_all_v4_10.txt
# counts: v4=1 v5=1 v6=2 v7=5 v8=10 v9=15 v10=30; total=64
# canonical-name sha256: 005e7b4fdf34a33e1082c227d35014df1b167d2b76b562ce44bdbbd0948edfd9
# columns: v class clers netcode
4 prime CCAE 1,2,3;1,3,4;1,4,2;2,4,3
5 nonprime CCACAE 1,2,3;1,3,4;1,4,2;2,4,5;2,5,3;3,5,4
6 nonprime CCACACAE 1,2,3;1,3,4;1,4,2;2,4,5;2,5,3;3,5,6;3,6,4;4,6,5
6 prime CCCACAAE 1,2,3;1,3,4;1,4,5;1,5,2;2,5,6;2,6,3;3,6,4;4,6,5
7 nonprime CCACACACAE 1,2,3;1,3,4;1,4,2;2,4,5;2,5,3;3,5,6;3,6,4;4,6,7;4,7,5;5,7,6
7 nonprime CCACACCABE 1,2,3;1,3,4;1,4,2;2,4,5;2,5,3;3,5,6;3,6,7;3,7,4;4,7,6;4,6,5
7 nonprime CCACCABCAE 1,2,3;1,3,4;1,4,2;2,4,5;2,5,6;2,6,3;3,6,5;3,5,7;3,7,4;4,7,5
7 nonprime CCACCACAAE 1,2,3;1,3,4;1,4,2;2,4,5;2,5,6;2,6,3;3,6,7;3,7,4;4,7,5;5,7,6
7 prime CCCACACAAE 1,2,3;1,3,4;1,4,5;1,5,2;2,5,6;2,6,3;3,6,7;3,7,4;4,7,5;5,7,6
8 nonprime CCACACACACAE 1,2,3;1,3,4;1,4,2;2,4,5;2,5,3;3,5,6;3,6,4;4,6,7;4,7,5;5,7,8;5,8,6;6,8,7
8 nonprime CCACACCACAAE 1,2,3;1,3,4;1,4,2;2,4,5;2,5,3;3,5,6;3,6,7;3,7,4;4,7,8;4,8,5;5,8,6;6,8,7
8 nonprime CCACACCACABE 1,2,3;1,3,4;1,4,2;2,4,5;2,5,3;3,5,6;3,6,7;3,7,4;4,7,8;4,8,5;5,8,7;5,7,6
8 nonprime CCACCACAACAE 1,2,3;1,3,4;1,4,2;2,4,5;2,5,6;2,6,3;3,6,7;3,7,4;4,7,5;5,7,8;5,8,6;6,8,7
8 nonprime CCACCACACAAE 1,2,3;1,3,4;1,4,2;2,4,5;2,5,6;2,6,3;3,6,7;3,7,4;4,7,8;4,8,5;5,8,6;6,8,7
8 nonprime CCACCACACABE 1,2,3;1,3,4;1,4,2;2,4,5;2,5,6;2,6,3;3,6,7;3,7,4;4,7,8;4,8,5;5,8,7;5,7,6
8 nonprime CCACCACCABAE 1,2,3;1,3,4;1,4,2;2,4,5;2,5,6;2,6,3;3,6,7;3,7,8;3,8,4;4,8,7;4,7,5;5,7,6
8 nonprime CCACCCABCABE 1,2,3;1,3,4;1,4,2;2,4,5;2,5,6;2,6,7;2,7,3;3,7,6;3,6,8;3,8,4;4,8,6;4,6,5
8 prime CCCACACACAAE 1,2,3;1,3,4;1,4,5;1,5,2;2,5,6;2,6,3;3,6,7;3,7,4;4,7,8;4,8,5;5,8,6;6,8,7
8 prime CCCACACCAABE 1,2,3;1,3,4;1,4,5;1,5,2;2,5,6;2,6,3;3,6,7;3,7,8;3,8,4;4,8,5;5,8,7;5,7,6
9 nonprime CCACACACACACAE 1,2,3;1,3,4;1,4,2;2,4,5;2,5,3;3,5,6;3,6,4;4,6,7;4,7,5;5,7,8;5,8,6;6,8,9;6,9,7;7,9,8
9 nonprime CCACACCACAACAE 1,2,3;1,3,4;1,4,2;2,4,5;2,5,3;3,5,6;3,6,7;3,7,4;4,7,8;4,8,5;5,8,6;6,8,9;6,9,7;7,9,8
9 nonprime CCACACCACACAAE 1,2,3;1,3,4;1,4,2;2,4,5;2,5,3;3,5,6;3,6,7;3,7,4;4,7,8;4,8,5;5,8,9;5,9,6;6,9,7;7,9,8
9 nonprime CCACACCACACABE 1,2,3;1,3,4;1,4,2;2,4,5;2,5,3;3,5,6;3,6,7;3,7,4;4,7,8;4,8,5;5,8,9;5,9,6;6,9,8;6,8,7
9 nonprime CCACCACACAACAE 1,2,3;1,3,4;1,4,2;2,4,5;2,5,6;2,6,3;3,6,7;3,7,4;4,7,8;4,8,5;5,8,6;6,8,9;6,9,7;7,9,8
9 nonprime CCACCACACABCAE 1,2,3;1,3,4;1,4,2;2,4,5;2,5,6;2,6,3;3,6,7;3,7,4;4,7,8;4,8,5;5,8,7;5,7,9;5,9,6;6,9,7
9 nonprime CCACCACACACAAE 1,2,3;1,3,4;1,4,2;2,4,5;2,5,6;2,6,3;3,6,7;3,7,4;4,7,8;4,8,5;5,8,9;5,9,6;6,9,7;7,9,8
9 nonprime CCACCACCACAAAE 1,2,3;1,3,4;1,4,2;2,4,5;2,5,6;2,6,3;3,6,7;3,7,8;3,8,4;4,8,9;4,9,5;5,9,6;6,9,7;7,9,8
9 nonprime CCACCACCACAABE 1,2,3;1,3,4;1,4,2;2,4,5;2,5,6;2,6,3;3,6,7;3,7,8;3,8,4;4,8,9;4,9,5;5,9,6;6,9,8;6,8,7
9 nonprime CCACCACCACABAE 1,2,3;1,3,4;1,4,2;2,4,5;2,5,6;2,6,3;3,6,7;3,7,8;3,8,4;4,8,9;4,9,5;5,9,8;5,8,6;6,8,7
9 nonprime CCACCCABCACAAE 1,2,3;1,3,4;1,4,2;2,4,5;2,5,6;2,6,7;2,7,3;3,7,6;3,6,8;3,8,4;4,8,9;4,9,5;5,9,6;6,9,8
9 nonprime CCCACAACCACAAE 1,2,3;1,3,4;1,4,5;1,5,2;2,5,6;2,6,3;3,6,4;4,6,7;4,7,8;4,8,5;5,8,9;5,9,6;6,9,7;7,9,8
9 prime CCCACACACACAAE 1,2,3;1,3,4;1,4,5;1,5,2;2,5,6;2,6,3;3,6,7;3,7,4;4,7,8;4,8,5;5,8,9;5,9,6;6,9,7;7,9,8
9 prime CCCACACACCAABE 1,2,3;1,3,4;1,4,5;1,5,2;2,5,6;2,6,3;3,6,7;3,7,4;4,7,8;4,8,9;4,9,5;5,9,6;6,9,8;6,8,7
9 prime CCCACCACACAAAE 1,2,3;1,3,4;1,4,5;1,5,2;2,5,6;2,6,7;2,7,3;3,7,8;3,8,4;4,8,9;4,9,5;5,9,6;6,9,7;7,9,8
10 nonprime CCACACACACACACAE 1,2,3;1,3,4;1,4,2;2,4,5;2,5,3;3,5,6;3,6,4;4,6,7;4,7,5;5,7,8;5,8,6;6,8,9;6,9,7;7,9,10;7,10,8;8,10,9
10 nonprime CCACACCACAACACAE 1,2,3;1,3,4;1,4,2;2,4,5;2,5,3;3,5,6;3,6,7;3,7,4;4,7,8;4,8,5;5,8,6;6,8,9;6,9,7;7,9,10;7,10,8;8,10,9
10 nonprime CCACACCACAACCAAE 1,2,3;1,3,4;1,4,2;2,4,5;2,5,3;3,5,6;3,6,7;3,7,4;4,7,8;4,8,5;5,8,6;6,8,9;6,9,10;6,10,7;7,10,8;8,10,9
10 nonprime CCACACCACACAACAE 1,2,3;1,3,4;1,4,2;2,4,5;2,5,3;3,5,6;3,6,7;3,7,4;4,7,8;4,8,5;5,8,9;5,9,6;6,9,7;7,9,10;7,10,8;8,10,9
10 nonprime CCACACCACACABCAE 1,2,3;1,3,4;1,4,2;2,4,5;2,5,3;3,5,6;3,6,7;3,7,4;4,7,8;4,8,5;5,8,9;5,9,6;6,9,8;6,8,10;6,10,7;7,10,8
10 nonprime CCACACCACACACAAE 1,2,3;1,3,4;1,4,2;2,4,5;2,5,3;3,5,6;3,6,7;3,7,4;4,7,8;4,8,5;5,8,9;5,9,6;6,9,10;6,10,7;7,10,8;8,10,9
10 nonprime CCACACCACACACDEE 1,2,3;1,3,4;1,4,2;2,4,5;2,5,3;3,5,6;3,6,7;3,7,4;4,7,8;4,8,5;5,8,9;5,9,6;6,9,10;6,10,8;8,10,9;6,8,7
10 nonprime CCACCACAACCACAAE 1,2,3;1,3,4;1,4,2;2,4,5;2,5,6;2,6,3;3,6,7;3,7,4;4,7,5;5,7,8;5,8,9;5,9,6;6,9,10;6,10,7;7,10,8;8,10,9
10 nonprime CCACCACACACAACAE 1,2,3;1,3,4;1,4,2;2,4,5;2,5,6;2,6,3;3,6,7;3,7,4;4,7,8;4,8,5;5,8,9;5,9,6;6,9,7;7,9,10;7,10,8;8,10,9
10 nonprime CCACCACACACACAAE 1,2,3;1,3,4;1,4,2;2,4,5;2,5,6;2,6,3;3,6,7;3,7,4;4,7,8;4,8,5;5,8,9;5,9,6;6,9,10;6,10,7;7,10,8;8,10,9
10 nonprime CCACCACACACACABE 1,2,3;1,3,4;1,4,2;2,4,5;2,5,6;2,6,3;3,6,7;3,7,4;4,7,8;4,8,5;5,8,9;5,9,6;6,9,10;6,10,7;7,10,9;7,9,8
10 nonprime CCACCACACACCAABE 1,2,3;1,3,4;1,4,2;2,4,5;2,5,6;2,6,3;3,6,7;3,7,4;4,7,8;4,8,5;5,8,9;5,9,10;5,10,6;6,10,7;7,10,9;7,9,8
10 nonprime CCACCACCACAACAAE 1,2,3;1,3,4;1,4,2;2,4,5;2,5,6;2,6,3;3,6,7;3,7,8;3,8,4;4,8,9;4,9,5;5,9,6;6,9,10;6,10,7;7,10,8;8,10,9
10 nonprime CCACCACCACAACABE 1,2,3;1,3,4;1,4,2;2,4,5;2,5,6;2,6,3;3,6,7;3,7,8;3,8,4;4,8,9;4,9,5;5,9,6;6,9,10;6,10,7;7,10,9;7,9,8
10 nonprime CCACCACCACABCAAE 1,2,3;1,3,4;1,4,2;2,4,5;2,5,6;2,6,3;3,6,7;3,7,8;3,8,4;4,8,9;4,9,5;5,9,8;5,8,10;5,10,6;6,10,7;7,10,8
10 nonprime CCACCACCACACAAAE 1,2,3;1,3,4;1,4,2;2,4,5;2,5,6;2,6,3;3,6,7;3,7,8;3,8,4;4,8,9;4,9,5;5,9,10;5,10,6;6,10,7;7,10,8;8,10,9
10 nonprime CCACCACCACACAABE 1,2,3;1,3,4;1,4,2;2,4,5;2,5,6;2,6,3;3,6,7;3,7,8;3,8,4;4,8,9;4,9,5;5,9,10;5,10,6;6,10,7;7,10,9;7,9,8
10 nonprime CCACCACCACACABAE 1,2,3;1,3,4;1,4,2;2,4,5;2,5,6;2,6,3;3,6,7;3,7,8;3,8,4;4,8,9;4,9,5;5,9,10;5,10,6;6,10,9;6,9,7;7,9,8
10 nonprime CCACCCABCACABCAE 1,2,3;1,3,4;1,4,2;2,4,5;2,5,6;2,6,7;2,7,3;3,7,6;3,6,8;3,8,4;4,8,9;4,9,5;5,9,8;5,8,10;5,10,6;6,10,8
10 nonprime CCACCCABCACACAAE 1,2,3;1,3,4;1,4,2;2,4,5;2,5,6;2,6,7;2,7,3;3,7,6;3,6,8;3,8,4;4,8,9;4,9,5;5,9,10;5,10,6;6,10,8;8,10,9
10 nonprime CCACCCACCACAAAAE 1,2,3;1,3,4;1,4,2;2,4,5;2,5,6;2,6,7;2,7,3;3,7,8;3,8,9;3,9,4;4,9,10;4,10,5;5,10,6;6,10,7;7,10,8;8,10,9
10 nonprime CCACCCACCACAADEE 1,2,3;1,3,4;1,4,2;2,4,5;2,5,6;2,6,7;2,7,3;3,7,8;3,8,9;3,9,4;4,9,10;4,10,5;5,10,6;6,10,8;8,10,9;6,8,7
10 nonprime CCACCCACCACABDEE 1,2,3;1,3,4;1,4,2;2,4,5;2,5,6;2,6,7;2,7,3;3,7,8;3,8,9;3,9,4;4,9,10;4,10,5;5,10,9;5,9,7;7,9,8;5,7,6
10 prime CCCACACACACACAAE 1,2,3;1,3,4;1,4,5;1,5,2;2,5,6;2,6,3;3,6,7;3,7,4;4,7,8;4,8,5;5,8,9;5,9,6;6,9,10;6,10,7;7,10,8;8,10,9
10 prime CCCACACACCAACAAE 1,2,3;1,3,4;1,4,5;1,5,2;2,5,6;2,6,3;3,6,7;3,7,4;4,7,8;4,8,9;4,9,5;5,9,6;6,9,10;6,10,7;7,10,8;8,10,9
10 prime CCCACACACCACADEE 1,2,3;1,3,4;1,4,5;1,5,2;2,5,6;2,6,3;3,6,7;3,7,4;4,7,8;4,8,9;4,9,5;5,9,10;5,10,6;6,10,8;8,10,9;6,8,7
10 prime CCCACACCAACACAAE 1,2,3;1,3,4;1,4,5;1,5,2;2,5,6;2,6,3;3,6,7;3,7,8;3,8,4;4,8,5;5,8,9;5,9,6;6,9,10;6,10,7;7,10,8;8,10,9
10 prime CCCACACCACACAAAE 1,2,3;1,3,4;1,4,5;1,5,2;2,5,6;2,6,3;3,6,7;3,7,8;3,8,4;4,8,9;4,9,5;5,9,10;5,10,6;6,10,7;7,10,8;8,10,9
10 prime CCCACCACACAACAAE 1,2,3;1,3,4;1,4,5;1,5,2;2,5,6;2,6,7;2,7,3;3,7,8;3,8,4;4,8,9;4,9,5;5,9,6;6,9,10;6,10,7;7,10,8;8,10,9
10 prime CCCACCACACACAAAE 1,2,3;1,3,4;1,4,5;1,5,2;2,5,6;2,6,7;2,7,3;3,7,8;3,8,4;4,8,9;4,9,5;5,9,10;5,10,6;6,10,7;7,10,8;8,10,9
